Código de quien responde	Código de quien expone
20152005049	20162005904
20152005049	20202005004
20152005049	20181005022
20152005049	20192005116
20152005049	20201005185
20162005904	20151005049
20162005904	20202005042
20162005904	20202005004
20162005904	20221005086
20162005904	20201005186
20162005904	20182005047
20181005022	20152005047
20181005022	20162005904
20181005022	20202005004
20181005022	20201005186
20181005127	20202005042
20181005127	20201005084
20181005127	20202005004
20181005127	20201005188
20181005127	20201005186
20181005127	20182005047
20181005127	20202005031
20181005127	20152005049
20181005127	20162005904
20181005127	20181005022
20181005127	20192005116
20181005127	20201005185
20182005047	20152005049
20182005047	20162005904
20182005047	20181005022
20182005047	20192005116
20182005047	20221005086
20191005054	20202005031
20191005054	20152005049
20191005054	20191005056
20191005054	20202005042
20191005054	20202005150
20191005054	20162005904
20191005054	20201005084
20191005054	20202005004
20191005054	20201005042
20191005054	20181005022
20191005054	20202005063
20191005054	20202005074
20191005054	20181005127
20191005054	20202005152
20191005054	20221005086
20191005054	20201005035
20191005054	20201005188
20191005054	20192005016
20191005054	20201005186
20191005054	20182005047
20191005054	20201005185
20191005056	20202005031
20191005056	20151005049
20191005056	20202005042
20191005056	20162005904
20191005056	20201005084
20191005056	20202005004
20191005056	20181005022
20191005056	20192005116
20191005056	20221005086
20191005056	20201005185
20191005056	20201005186
20191005056	20182005047
20191005056	20201005185
20191005074	20152005049
20191005074	20162005904
20191005074	20201005084
20191005074	20201005188
20191005074	20201005185
20192005016	20202005031
20192005016	20201005084
20192005016	20202005004
20192005016	20181005022
20192005016	20192005116
20192005016	20192005116
20192005016	20221005086
20192005016	20201005188
20192005016	20201005186
20192005016	20201005185
20192005116	20152005049
20192005116	20162005904
20192005116	20202005042
20192005116	20181005022
20192005116	20221005086
20192005116	20201005186
20192005116	20182005047
20201005035	20191005054
20201005035	20202005031
20201005035	20152005049
20201005035	 20191005074
20201005035	20202005042
20201005035	20202005150
20201005035	20162005904
20201005035	20201005084
20201005035	20202005004
20201005035	20181005022
20201005035	20202005063
20201005035	20192005116
20201005035	20202005074
20201005035	20181005127
20201005035	20221005086
20201005035	20201005185
20201005035	20201005186
20201005035	20182005047
20201005035	20201005185
20201005042	20152005049
20201005042	20202005042
20201005042	20162005904
20201005042	20201005054
20201005042	20181005022
20201005042	20192005116
20201005042	20202005004
20201005042	20201005188
20201005042	20201005186
20201005042	20182005047
20201005084	20191005054
20201005084	20202005031
20201005084	20152005049
20201005084	20191005056
20201005084	20191005074
20201005084	20202005042
20201005084	20202005150
20201005084	20162005904
20201005084	20192005016
20201005084	 20202005004
20201005084	20201005042
20201005084	20181005022
20201005084	 20202005063
20201005084	20192005116
20201005084	20202005074
20201005084	20181005127
20201005084	20202005152
20201005084	20221005086
20201005084	20201005035
20201005084	20201005188
20201005084	20201005186
20201005084	20182005047
20201005084	20201005185
20201005185	20152005049
20201005185	20162005904
20201005185	20201005084
20201005185	20201005004
20201005185	20181005022
20201005185	20192005116
20201005185	20201005188
20201005185	20201005186
20201005186	20152005049
20201005186	20152005049
20201005186	20162005904
20201005186	20181005022
20201005186	20192005116
20201005186	20221005086
20201005188	20152005049
20201005188	20202005042
20201005188	20162005904
20201005188	20201005084
20201005188	20202005004
20201005188	20181005022
20201005188	20202005031
20201005188	20192005116
20201005188	20221005086
20201005188	20201005186
20201005188	20182005047
20201005188	20201005185
20202005004	20152005049
20202005004	20202005042
20202005004	20162005904
20202005004	20201005084
20202005004	20181005022
20202005004	20202005031
20202005004	20192005116
20202005004	20221005086
20202005004	20201005188
20202005004	20182005047
20202005004	20201005185
20202005031	20191005054
20202005031	20152005049
20202005031	20191005074
20202005031	20162005904
20202005031	20201005084
20202005031	20202005004
20202005031	20181005022
20202005031	 20202005063
20202005031	20192005116
20202005031	20202005074
20202005031	20201005188
20202005031	20201005186
20202005042	20152005049
20202005042	20162005904
20202005063	20202005031
20202005063	20152005049
20202005063	20202005042
20202005063	20162005904
20202005063	20201005084
20202005063	20181005022
20202005063	20192005116
20202005063	20221005086
20202005063	20202005004
20202005063	20201005188
20202005063	20201005185
20202005063	20201005186
20202005063	20182005047
20202005074	20202005031
20202005074	20202005042
20202005074	20201005054
20202005074	20181005022
20202005074	20192005116
20202005074	20221005086
20202005074	20202005004
20202005074	20201005185
20202005074	20201005186
20202005074	20201005185
20202005074	20201005185
20202005074	20182005047
20202005150	20191005054
20202005150	20202005031
20202005150	20152005049
20202005150	20191005056
20202005150	20191005074
20202005150	20202005042
20202005150	20162005904
20202005150	20192005016
20202005150	20202005004
20202005150	20201005042 
20202005150	20181005022
20202005150	20202005063
20202005150	20192005116
20202005150	20202005074
20202005150	20202005074
20202005150	20202005063
20202005150	20202005152
20202005150	20221005086
20202005150	20201005035
20202005150	20201005084
20202005150	20201005186
20202005150	20182005047
20202005150	20201005185
20202005152	20202005031
20202005152	20152005049
20202005152	20202005042
20202005152	20162005904
20202005152	20202005004
20202005152	20181005022
20202005152	20192005116
20202005152	20201005186
20202005152	20182005047
20202005152	20202005185
20221005086	20202005031
20221005086	20152005049
20221005086	20202005042
20221005086	20162005904
20221005086	20201005054
20221005086	20181005022
20221005086	20192005116
20221005086	20201005188
20221005086	20201005186
20221005086	20182005047